MSE:1.1088036870938647
r2_Score:-0.726570674390943