MSE:0.7168875000000009
r2_Score:-0.11629943942697007