MSE:1.639837191085391
r2_Score:-1.5534680645988623