MSE:1.0637924954222409
r2_Score:-0.6564816185335407