MSE:1.390424999999999
r2_Score:-1.1650965431329765